1 15.062502
2 11.828143
4 8.654917
6 8.713123
8 7.977348
10 6.196870
12 6.597704
14 6.797361
16 5.063648


1 13.033897
2 12.194993
4 10.408217
6 8.707485
8 6.145573
10 7.850887
12 8.749565
14 6.825106
16 5.050551


1 13.524457
2 9.856379
4 9.418257
6 9.199856
8 7.857739
10 8.411947
12 6.613726
14 6.965359
16 6.861039

1 11.558631
2 11.008583
4 11.184677
6 8.997767
8 7.588897
10 8.233539
12 6.882615
14 6.821683
16 6.873684


1 15.759329
2 10.778959
4 11.485056
6 7.434562
8 7.750780
10 8.505173
12 6.467126
14 7.040877
16 5.154871